UP COUNTER
M | Qa Qb Qc Qd | Qa+ Qb+ Qc+ Qd+ | Ta Tb Tc td         Q | Q+ | T
0 | 0  0  0  0  | 0   0   0   1   | 0  0  0  1          0 | 0  | 0
0 | 0  0  0  1  | 0   0   1   0   | 0  0  1  1          0 | 1  | 1
0 | 0  0  1  0  | 0   0   1   1   | 0  0  0  1          1 | 0  | 1
0 | 0  0  1  1  | 0   1   0   0   | 0  1  1  1          1 | 1  | 0
0 | 0  1  0  0  | 0   1   0   1   | 0  0  0  1
0 | 0  1  0  1  | 0   1   1   0   | 0  0  1  1
0 | 0  1  1  0  | 0   1   1   1   | 0  0  0  1
0 | 0  1  1  1  | 1   0   0   0   | 1  1  1  1
0 | 1  0  0  0  | 1   0   0   1   | 0  0  0  1
0 | 1  0  0  1  | 1   0   1   0   | 0  0  1  1
0 | 1  0  1  0  | 1   0   1   1   | 0  0  0  1
0 | 1  0  1  1  | 1   1   0   0   | 0  1  1  1
0 | 1  1  0  0  | 1   1   0   1   | 0  0  0  1
0 | 1  1  0  1  | 1   1   1   0   | 0  0  1  1
0 | 1  1  1  0  | 1   1   1   1   | 0  0  0  1
0 | 1  1  1  1  | 0   0   0   0   | 1  1  1  1
DOWN COUNTER
M | Qa Qb Qc Qd | Qa+ Qb+ Qc+ Qd+ | Ta Tb Tc td
1 | 0  0  0  0  | 1   1   1   1   | 1  1  1  1
1 | 0  0  0  1  | 0   0   0   0   | 0  0  0  1
1 | 0  0  1  0  | 0   0   0   1   | 0  0  1  1
1 | 0  0  1  1  | 0   0   1   0   | 0  0  0  1
1 | 0  1  0  0  | 0   0   1   1   | 0  1  1  1
1 | 0  1  0  1  | 0   1   0   0   | 0  0  0  1
1 | 0  1  1  0  | 0   1   0   1   | 0  0  1  1
1 | 0  1  1  1  | 0   1   1   0   | 0  0  0  1
1 | 1  0  0  0  | 0   1   1   1   | 1  1  1  1
1 | 1  0  0  1  | 1   0   0   0   | 0  0  0  1
1 | 1  0  1  0  | 1   0   0   1   | 0  0  1  1
1 | 1  0  1  1  | 1   0   1   0   | 0  0  0  1
1 | 1  1  0  0  | 1   0   1   1   | 0  1  1  1
1 | 1  1  0  1  | 1   1   0   0   | 0  0  0  1
1 | 1  1  1  0  | 1   1   0   1   | 0  0  1  1
1 | 1  1  1  1  | 1   1   1   0   | 0  0  0  1





K-map
Ta:    Qa Qb/ Qc Qd
       M=0       M=1

      10    0         0
    11    0 0       0 0
  01    0 1 0     0 0 0
00    0 0 1 0   1 0 0 0     Ta = M.~Qb.~Qc.~Qd + ~M.Qb.Qc.Qd
01    0 0 0     0 0 0
11    0 0       0 0
10    0         1

Tb:    M=0       M=1

      10    0         0
    11    1 0       0 0
  01    0 1 0     0 0 0
00    0 0 1 0   1 0 0 0     Tb = M.~Qc.~Qd + ~M.Qc.Qd
01    0 0 1     1 0 0
11    0 0       1 0
10    0         1

Tc:    M=0       M=1

      10    0         1
    11    1 0       0 1
  01    1 1 0     0 0 1
00    0 1 1 0   1 0 0 1     Tc = M.~Qd + ~M.Td
01    0 1 1     1 0 0
11    0 1       1 0
10    0         1

Td:    M=0       M=1

      10    1         1
    11    1 1       1 1
  01    1 1 1     1 1 1
00    1 1 1 1   1 1 1 1     Td = 1
01    1 1 1     1 1 1
11    1 1       1 1
10    1         1
